# LR&SVM&lineRe.py

1. 读取标准数据
2. 分类结果同时训练 LR & SVM & lineRe

结果 ：

        evluation of SVM_model is :
        f1_score = 0.8567721847431241
        accuracy = 0.7497355296962369
        recall = 0.9989915288422752
        log_loss = 8.644028086040404
        auc = 0.5019068554398235


        evluation of LR_model is :
        f1_score = 0.8545264259549974
        accuracy = 0.7479220190418618
        recall = 0.9881000403388464
        log_loss = 8.706659449747047
        auc = 0.5091193390362103



        evluation of line is :
        f1_score = 0.8557775847089487
        accuracy = 0.7491310261447786
        recall = 0.9933440903590157
        log_loss = 8.664903998877234
        auc = 0.5063164092542517