D:\Anconda\python.exe D:/NLPPractice/kgbook-2020/kgbook-2020/chapter3_new/3.3.1_TextClassify/Aggregation/RandomForest/randomForest.py
D:\Anconda\lib\site-packages\numpy\_distributor_init.py:32: UserWarning: loaded more than 1 DLL from .libs:
D:\Anconda\lib\site-packages\numpy\.libs\libopenblas.IPBC74C7KURV7CB2PKT5Z5FNR3SIBV4J.gfortran-win_amd64.dll
D:\Anconda\lib\site-packages\numpy\.libs\libopenblas.PYQHXLVVQ7VESDPUVUADXEVJOBGHJPAY.gfortran-win_amd64.dll
  stacklevel=1)

        evluation of DT_model is :
        f1_score = 0.8035948702413409
        accuracy = 0.7060601481033701
        recall = 0.8025413473174667
        log_loss = 10.1524395495268
        auc = 0.6101314331524043
    

        evluation of RF_model is :
        f1_score = 0.8404580152671756
        accuracy = 0.7473175154904035
        recall = 0.8882613957240822
        log_loss = 8.727478930363855
        auc = 0.6071807280006789
    

Process finished with exit code 0