randomForest.py

随机森林的模型效果展示
数据为本书的标准数据

对比结果展示：

        evluation of DT_model is :
        f1_score = 0.8035948702413409
        accuracy = 0.7060601481033701
        recall = 0.8025413473174667
        log_loss = 10.1524395495268
        auc = 0.6101314331524043


        evluation of RF_model is :
        f1_score = 0.8412910618792971
        accuracy = 0.7488287743690494
        recall = 0.8884630899556273
        log_loss = 8.675280810320634
        auc = 0.6099940525124731